40084
22264
157543
16980
13697
7179
40084
22264
12262
19178
24463
258
17946
9644
0
31340
17049
19740
737
924
10061
27699
240
20242
18266
646
19057
16072
22696
22314
9003
23215
691
10936
11578
13435
23670
16450
18893
28466
10046
21729
20824
18744
15486
9033
20699
244
37936
10304
100510
32269
25616
470
17632
9044
0
15204
258
3230
34581
8566
21644
33088
22757
12620
14335
27248
258
16685
0
20479
27317
3602
7906
15829
19172
20028
3193
17671
13007
20824
36185
0
238
17816
14818
33932
117
3592
19131
13683
24182
6274
47509
14939
4502
7208
3484
117
17162
21181
3059
3023
69
71151
15360
2468
9539
18614
3541
3875
9312
26128
16762
19941
0
482
19172
4045
14687
14519
258
0
8390
30745
47511
10413
0
25634
26693
4036
39089
11516
16235
0
28859
10697
33413
11307
14448
20179
19172
16241
10717
26454
13354
19172
27906
19172
44471
14515
40400
17816
52257
85860
9904
17332
15734
258
0
13411
5588
19988
11981
32271
29240
2
2724
26902
11607
12579
15013
258
19988
58743
17816
17060
10016
682
0
14413
28740
0
73918
20587
19941
16469
121
14892
0
0
0
58739
38596
19941
85128
28999
58739
8307
27498
58739
2924
10016
682
20347
682
45346
314
18543
38440
11597
20625
30381
19941
21814
0
53583
35569
85128
258
13793
658
160004
28952
18543
17816
24730
85128
15894
13635
14709
26041
58696
5330
682
85860
15932
9189
691
658
28952
27304
29571
20738
682
19884
12981
53583
7164
31065
4178
23438
19988
8852
18900
0
19172
30576
17775
17711
16456
11257
20844
15567
20824
27635
19988
0
3830
19860
9694
0
19860
14968
244
1899
19860
2809
658
30164
31620
0
15052
258
20824
228
14670
0
8390
19941
21833
2507
18031
2809
16124
26233
20838
658
58668
19860
48455
412
19101
5264
682
17104
7994
14216
6801
27464
63
19460
13815
20657
11298
12687
314
0
19671
19860
16132
19885
13628
0
8416
5144
0
19860
12034
11022
21729
0
66135
13347
227
0
11940
16774
12023
16668
258
12445
2809
19294
19693
380
18426
658
12418
13352
20834
6909
40583
28523
52529
12836
4926
8416
18854
36165
19870
7021
10700
29414
0
3449
0
12392
232
19871
18304
7044
121
8961
33770
30137
20640
13385
35199
14063
125
18121
0
85128
19871
14
0
21883
19871
12748
25791
12392
23060
2809
121
4972
34296
19871
56843
0
188
14262
7392
9643
161
91479
11622
58670
326
16324
0
35386
10118
22822
18426
8721
25419
0
39858
18426
58053
12748
18140
2850
9310
13628
2809
8307
2809
28865
13123
8999
16213
7089
19515
0
258
52291
11736
0
250
14104
97
10118
9625
0
16068
8021
18426
220
19871
19871
1449
19072
16220
25667
97
9849
2809
17377
16626
2116
18189
2809
6992
16008
30209
30644
2809
17816
844
237
15015
4484
24513
32704
10816
15367
19871
11736
14120
18337
17677
11853
2809
14731
13731
892
2809
14576
11022
19455
20613
13906
1449
24875
19871
19941
15425
31541
6066
4219
40907
13608
11431
11304
13273
9100
121
18240
13635
4253
8660
20834
19753
19871
121
32002
43054
13474
11057
121
18426
18270
13882
9625
11057
18376
26953
19013
20834
14170
30897
0
1645
9625
20098
13917
6836
30565
13574
18826
0
17106
12943
58664
20425
178964
0
14186
14677
142400
17466
19460
16815
258
472
25452
20613
9276
6768
19753
12801
18625
9788
9063
20479
169
13565
9964
25817
25761
21590
161
4294
0
19413
4219
7636
4065
9625
28827
0
6673
43008
10826
312
58664
9625
48579
1465
35664
26384
34880
54797
25529
29052
90935
27724
22938
9100
37246
238
17345
1502
1502
11778
0
31565
121
23199
12142
13430
9774
13628
7159
15242
25838
1493
19883
0
9244
18506
8363
17943
18442
7781
495
23999
10612
4294
15202
121
266
0
20576
23966
296
11728
50644
18330
258
7414
5344
29136
32699
11282
17752
20096
0
20612
16186
18905
62585
20245
10411
10411
11999
49053
18098
0
40813
16923
19967
10150
615
28959
161
16587
0
27917
8617
14482
0
10203
10203
10203
10203
20834
10203
0
10203
2850
55398
40519
35831
30332
19956
16572
17022
17909
16907
0
9098
18515
17883
4744
258
20834
10700
16572
13208
11249
18330
0
11509
239
11462
20612
16720
7420
61048
23885
13780
20096
32381
16563
1687
49618
28040
0
258
0
16250
0
9899
348
0
17615
36834
11481
7101
143387
4036
30819
2
21161
0
18735
258
19885
17323
0
10409
4860
27417
0
0
3449
37427
56163
4036
13208
7319
33619
18395
19885
0
11955
323
11462
15622
25173
19956
18692
97
14978
52786
258
18515
15292
0
13780
9853
18381
30803
19939
26340
26340
21051
18330
2850
41139
28683
20096
13057
0
16030
0
14364
58608
258
19641
19641
20690
2695
26051
12864
12864
10732
23182
12864
4036
12864
12864
22522
12364
9540
45388
196
19530
18826
15711
51229
9389
7021
25767
0
25520
18304
141851
15871
28594
18237
18528
13208
5357
20335
16068
34078
71516
32423
19622
58608
20811
17466
32111
7045
30532
9540
20753
20753
18312
18510
14991
0
10482
0
10636
20186
18304
7906
19668
691
17983
18767
18923
3
19885
18227
167670
49375
9033
20699
412
20201
13628
13628
11317
12911
41237
3174
13153
54617
12334
12159
19399
46475
55762
14707
4036
18042
9796
18361
19808
16186
19460
59278
4939
48494
18304
42216
25036
90
41101
15623
14342
0
25093
22536
40571
6681
889
19382
39089
20811
5453
17201
19885
10865
125
27780
0
7396
15196
21862
4295
16479
20163
29249
258
12561
161
29963
16870
2390
25061
25061
25743
17559
6690
5900
15197
0
16421
15601
19885
19668
26257
0
18227
12334
16479
0
30610
23530
17389
0
4972
9635
16667
12751
0
8799
691
58605
7396
12691
48014
17380
53682
23198
38027
20993
234
0
7895
9696
5900
70494
9088
18304
19957
18027
42949
18076
13013
217
2872
258
20781
18473
19729
7006
260
48014
48041
0
36569
7610
91478
4956
147981
16591
0
19057
91013
15762
