138828
141083
317438
102389
63456
26065
138828
141083
56877
160224
458546
80501
42643
70738
143333
115110
43975
106425
22623
16852
81164
212079
529
69397
103931
4349
56461
134106
101849
162598
56195
451457
1907
62902
65517
93
84202
135922
105660
95838
148772
124536
81047
106708
133741
43673
131866
300
280931
93401
188010
151394
97771
4252
78465
50906
0
54368
80501
20991
106991
50322
49929
65071
59854
77363
45203
47600
80501
43257
0
152037
99214
22262
39688
131423
120865
134979
20307
134308
107928
81052
111231
143333
527
66799
68983
106953
26859
22282
55721
56562
847
11895
177837
46016
22819
64423
21768
26923
64601
71882
18300
19634
225
253064
12486
27335
65713
121583
17983
23651
109360
98303
107822
61913
0
4329
120865
55858
627942
66300
80501
0
36222
178187
249553
20287
143333
96929
660829
43618
108098
30831
125187
0
60206
197766
48611
31016
120888
643235
120865
39173
56901
70680
91658
120865
102384
120865
261810
629268
110992
66799
174029
327440
78104
88856
69735
80501
55976
628908
36716
126234
419
74440
69089
0
847
662235
21163
56545
55043
80501
126234
147189
66799
43927
53803
4988
0
83258
61230
174030
178662
645908
61913
107057
99564
53348
0
141260
89625
147189
184856
53618
327962
147831
147189
35685
101555
147189
22838
53864
4988
96246
4988
144316
9517
115130
185825
33334
81566
67874
61913
116534
129207
174107
106983
327440
80501
63759
658
322837
97248
115130
66799
84108
327962
74432
69610
627300
100047
147189
30960
4988
327962
38868
45340
1907
658
97248
580655
228771
94952
4988
81778
108553
174107
96422
112763
15337
186729
126234
46048
105082
0
120865
73225
99149
100182
96365
70342
103820
61553
81051
130577
126234
0
109592
126234
203235
0
126234
26474
1104
15128
126234
214921
658
116928
78846
0
126711
80501
81051
1005
65785
0
36222
61913
127259
15976
39871
214202
44706
98261
84743
658
147194
126234
108184
118252
61771
31439
4988
77159
68893
629561
33528
65879
47967
50044
48238
115097
47525
89697
5489
0
79941
126234
51331
153577
627983
0
102932
40122
0
126234
21334
49825
124528
0
346745
40820
1059
0
35441
107814
106853
661698
80501
54472
214345
114282
77121
665
115082
658
106630
70683
81051
22552
111001
60395
174045
33157
11807
102932
67315
122670
99230
58413
33599
129996
0
32711
144607
69288
1043
126234
81356
9910
128752
46367
75949
89137
68957
628849
80140
630388
1556
134936
0
327962
126234
345
0
85993
126234
69611
71466
69288
109931
214830
21828
694722
79831
126234
145942
15014
280
63860
60125
203734
88975
410381
36724
147163
371
134515
0
154735
66094
96595
115082
49785
93178
0
163754
115082
145441
69611
55915
190437
41639
76728
214753
35685
214753
157132
46005
44121
74809
47905
139071
0
80501
174031
69809
0
539
629647
436
66094
203720
125752
41750
48918
115082
1006
125954
125954
2863
105277
49204
663237
436
48634
214552
90566
24387
6985
71990
214170
20626
83160
75796
75419
214170
66799
19539
44477
91114
56474
458546
72689
24710
12489
125954
69809
45375
44029
61759
104403
214282
62606
620722
4758
214282
113693
49825
72332
81551
87315
2863
46101
125954
61913
49262
63657
25777
51209
144845
625796
68361
47532
108186
203464
151735
92771
33675
86406
50166
81055
125954
125954
71529
106093
172013
44541
56620
99564
115082
114850
628035
176954
56622
44029
96104
73009
81055
628858
86858
85860
7373
176954
71382
58285
49396
83806
108506
67671
0
51370
80093
147143
2606
425915
144607
76318
63445
296034
129287
50044
50975
80501
4267
136146
81548
57952
55501
125954
59646
43799
203439
20436
152037
47529
151403
58936
94773
93484
54721
65816
36952
0
65420
51209
26135
49196
176954
101901
0
976133
418023
33346
601
147143
176954
285924
10700
88973
97695
144218
180530
54311
92955
156007
93601
152909
203480
117185
0
43303
10224
10190
61388
0
81083
99564
112848
140346
67556
203039
76692
55847
53612
138820
10271
125954
0
81560
66404
72597
68330
114850
23434
15621
110467
38615
36952
41473
58738
129850
0
52293
81916
585
118556
170908
114381
80501
18456
32180
84595
164139
48460
136360
125418
0
81556
74826
113587
335949
64952
68329
68329
77234
386
37242
0
116139
133902
135844
56274
1371
163280
1245
42514
0
165872
31136
35944
124529
67512
67512
67512
67512
81061
67512
0
67512
418562
124241
103316
113330
86919
125954
42509
133978
68604
104910
0
19130
114850
44098
39681
80501
81061
33011
42509
63045
34892
114381
126252
37245
5563
56346
81556
55609
93225
107536
92774
63456
125418
78292
42509
26383
286346
69299
126244
80501
149438
41824
141260
54247
201569
0
52071
157723
54926
24924
298431
43618
173204
107826
93145
126921
136576
80501
154613
40863
0
55423
20940
131331
0
0
32711
84506
170267
43618
63020
44826
72274
44103
153577
0
71652
1186
56321
38749
62880
125954
57027
1756
135140
179217
80501
114850
134830
0
63431
190462
81339
57823
79533
57271
57271
117504
114381
412041
137966
109689
125418
64389
129183
133816
0
51961
147132
80501
65627
65627
81676
9179
62375
23100
23100
57000
67321
23100
43618
23100
23100
155536
91551
203218
151946
1123
81444
67662
59241
112181
67958
98250
173462
0
80429
81357
287353
48238
95304
60784
62680
63020
24191
84592
41750
152843
1032211
52769
65445
147132
81063
55439
249879
82552
157132
176452
42678
42678
26507
63990
51586
0
99637
0
112336
67782
81357
39688
125948
1907
67401
73248
64845
149918
153577
114844
256563
177027
43673
131866
166966
65990
76692
76692
53573
56975
97129
23102
121511
142870
34182
110210
114078
177027
141669
98839
43618
114375
15890
53657
125412
74533
50044
105312
7464
177027
81358
179576
56271
2735
147406
18099
638389
0
54810
88970
126783
9295
4267
437244
108098
81064
8085
140403
153577
33011
1556
31725
0
93033
54369
60925
44248
148106
40855
73136
80501
40891
162
33475
134868
28424
33544
33544
134255
56947
53044
8312
54382
122701
132849
38595
153577
125948
29367
0
114844
34182
148106
0
111307
89525
132009
0
694836
203038
51694
59965
0
36904
1907
147141
93186
32915
213833
44275
141928
119616
180116
39080
5023
0
80
176272
24768
234256
28955
81357
123651
114936
126057
140087
46228
309
20659
80501
81065
44270
87426
34743
68361
213833
213833
87558
147883
48500
410380
96719
304691
41926
11499
123059
156101
43670
