-738
286
-63034
-3359
-140
-1690
-738
286
59
-414
461
0
-4735
412
0
-6326
-214
-63085
-19018
187
9138
14980
-28026
20002
-1313
-17590
18407
-5091
6888
-90
-13019
13909
-22167
10236
650
1931
9167
-6483
-10715
9603
-16948
11565
1991
-1577
-3503
-7812
11017
-20142
37692
-28704
91018
-68104
-6887
-27672
17162
-8799
-9854
9435
-14241
2972
30918
-18634
12117
12013
-9425
-9840
2776
12133
-26298
16427
-16998
11287
7346
-25886
3883
7240
3621
503
-16692
13947
-4236
8267
15864
-36739
238
17578
-3105
19130
-36104
3475
15851
-5307
10542
-18144
41347
-23530
-7154
2240
-4617
-3858
17045
4240
-20151
-504
-2219
71151
-55968
-19527
6992
13258
-15039
-79
4986
17619
-11505
6499
-20048
482
18690
-15480
10682
14517
-15103
-258
-6161
22355
17307
-20820
-22281
25634
-1358
-11513
32395
-27445
5184
-38913
28859
-18745
22668
-20760
3128
-8146
10955
-3284
-4741
15875
-13025
5776
8381
-7344
24946
-25027
36458
-18967
34334
77450
-69801
7220
-1375
-15357
-258
13411
3150
-7765
-10220
20102
-9402
-28279
2722
24178
-3942
755
2337
-14638
19730
36542
-40804
-863
-7265
-10419
-682
5355
14022
-29168
66231
-53356
11724
-3579
-16663
14771
-14921
-22216
0
58739
-20024
19939
64701
-50706
29548
-50313
19191
28796
-55696
6483
-10419
19665
-22598
44664
-45547
18229
18254
11595
8762
8984
-10152
1766
-21730
53583
25047
50041
-79447
13535
-9632
153849
-193894
-10583
-2370
6807
61384
-63811
-3315
-4216
23603
30321
-53290
-5231
85178
-63773
-6600
-6618
-42
22585
-1822
14022
-10158
-22533
19202
-6540
41272
-3358
23957
-26847
19260
-4236
-13349
18306
-18711
2097
11051
-12585
-747
-1935
-5910
8900
-5975
5040
7314
-6001
-22201
-13245
16069
-12507
-9209
2785
-7233
-14592
1655
17961
-19392
-2099
23747
3524
-31805
-2023
-14087
20566
-20093
14442
-14733
-819
11551
1785
-19036
15524
-15115
13367
9647
-8003
-19173
52440
-38760
26254
-48139
18688
-13730
-5231
16422
-8827
5698
4777
20821
-29927
492
-6014
6842
-6064
1848
-10965
-314
2596
-3977
-6069
3410
-4846
-2438
-8659
-3144
-15251
19860
-10167
-1028
-5052
-18833
48203
-53786
-15071
-227
11940
4567
-1419
4982
-15291
12187
-9268
16537
3626
-19136
18046
-19528
6151
774
7875
-13394
33683
-8260
22706
2948
-7910
3067
10566
18050
-14891
-12656
4438
11871
-30305
3449
-3269
12392
-11767
19639
-3897
-10527
-6920
8840
33176
-2715
-9866
-6510
30051
-22965
-2313
17996
-17761
85128
-59834
-22187
-14
21883
-2706
-9453
13436
-13375
11061
-20223
-2636
4851
29348
-13039
34646
-56803
188
-184
-7864
2248
-9027
91318
-48669
47048
-58302
15998
-29346
18311
-24246
13097
-4209
-11466
16945
-25710
39858
-21400
37871
-45269
5785
-15590
6460
3635
-10854
5550
-5498
26108
-13128
-4124
7628
-12860
11669
-19326
-90298
52033
5072
-11343
-8969
13854
-2341
10021
-100
-9219
16068
-8122
10405
-19962
19651
-2318
-20748
17623
-2650
9457
-15452
9752
-6157
14620
3796
-13695
16073
-16679
4235
9025
13718
-312
-16502
15059
-17079
-607
14781
-11080
19974
8652
-21658
4044
-2088
-10453
2777
4261
-734
-6135
-8934
11974
-447
890
2807
11819
-3254
-7326
1093
-7494
-12276
23426
-4310
-2248
-4623
16192
-26899
-1553
36882
-27851
8993
266
2434
-3723
-8358
18119
-5295
-8000
4407
11340
-568
-2200
-22068
31881
11714
-25544
-2402
-11852
18305
-1904
-6136
7187
1818
6403
8412
-6546
523
-6151
28459
-33134
-11687
1944
10790
-7289
-7357
23784
-19709
5702
-18879
17106
-4114
46882
-38195
158459
-178964
14186
916
127723
-199079
2375
-2708
-16548
214
24980
-5873
-12124
-2508
13041
-9270
3804
-9184
-490
2347
-19802
-20066
-31167
15800
23
-3935
-21518
4133
-3999
19413
-13874
3611
-3971
5101
19519
-27516
6673
36335
-30414
-10215
58352
-48995
39271
-40230
34177
-9765
9152
21029
-30724
3810
62592
-62832
-4564
-6602
28698
-36376
17107
-16337
26
10271
-12251
-70988
-31671
23078
-10455
1406
-3709
4075
-6504
8010
10917
-21119
18397
-22201
9244
9107
-10947
9958
177
-12409
495
23504
-14498
-6318
11203
-14498
145
-266
11268
2379
-23758
11432
38355
-31652
-19755
7156
-9952
23792
3377
-21096
5392
2551
-22264
10369
-5215
-1044
46971
-39142
-9376
-886
702
37202
-27922
-18546
40813
-23686
3126
-9735
-10813
16860
-26906
-3042
-16048
27917
-19207
5788
-14379
-8630
-1150
-1150
-1150
9481
-10119
-11353
10203
-8503
52548
-15396
-4909
-4632
-9013
-5629
2552
-11827
-412
-17237
9098
9417
-2307
-13056
-4270
20576
-9622
-5624
-2860
-2135
7843
-20014
11509
-10796
11223
9197
-4681
3265
54227
-37843
-10017
6151
10116
-16910
-13330
47931
-14461
-27814
258
-258
16250
-14090
9899
-9585
-346
8307
18288
-24689
-5479
136353
-212423
24125
-31003
7719
-22241
18735
-18110
19627
-1151
-17136
10409
-5707
22500
-30687
0
3449
34158
19315
-46826
6514
-6065
29072
-17778
1508
-18474
4649
-11035
11139
4207
9701
7297
-3510
-18964
-3104
24522
-54432
18257
-4899
-20758
13780
-4092
8260
8778
-11227
7413
206
-5083
478
-17164
38289
-2890
-10129
-9208
-13205
16030
-11268
-3232
44302
-58353
19383
2822
3871
-33593
23480
-13301
0
-2132
12603
-10405
-8828
6170
0
9658
-9924
-2895
36166
-22493
3645
-908
-3168
35561
-41561
-1949
19104
-18460
25520
-7224
124280
-195726
12505
-9040
2665
-5354
-8027
14978
-5941
17935
37330
-38458
-13133
31850
-37800
-2856
14199
-47477
23456
-16764
11531
631
-1810
282
433
-14869
-7450
-10831
1414
10286
-9291
-9665
11077
-21511
15201
1309
660
-26118
19882
-247
147512
-108160
-29182
11015
-19974
19788
-13284
-35
-2346
2057
28329
-36025
9154
40914
-42353
-102
7006
26821
20463
-41283
-10877
11348
-10185
8709
-3640
-6046
-387
39449
-55022
43610
-18622
24645
-16365
-22913
10065
-25599
-1226
-4555
25093
-2354
17453
-33607
-5737
11909
19748
-18150
-14869
11803
2665
-7609
-22071
27655
-27725
-10536
8268
7372
-16890
9526
5003
9320
-28438
12303
-12400
-29932
-13038
-12674
22592
-2792
-2110
-11013
-11217
-787
9352
-14493
16421
-943
5514
1194
4088
-26202
295
-7824
4218
-15161
12678
-8408
-5530
-17401
-12960
4687
7336
12661
-14821
8799
-8108
57905
-51222
5763
35366
-28172
35323
-30563
15142
-16484
-19987
-234
7895
1742
-3422
64594
-56528
9079
2386
-1652
22991
-24799
-5142
-12796
-11589
-2614
20523
-1849
2306
-13673
-6746
47755
2489
-46898
22601
-27253
83413
-55335
142875
-201859
-16488
19057
74408
-74755
