-1168
2454
-106469
-7426
4633
-3613
-1168
2454
4152
12310
18784
-7873
-7709
25544
-16381
-10230
-165
3497
0
147
-11374
-6328
0
527
3559
-77
-1014
2262
4431
-1891
4637
20496
3
-2110
13273
0
1433
-492536
3589
-1869
7817
15011
3556
45
3767
-738
2562
0
-14060
33333
466
3366
-863
-14
7608
-2496
-17845
5461
-7873
1034
6395
-2475
979
1413
309
-25837
-3130
2089
-7873
-92
-207317
21781
-51
1068
-738
2239
11765
1906
946
2753
4092
3561
-1468
-16381
0
2684
35
-156
257
2561
35719
1082
0
213
10071
6646
1003
-17956
1045
257
1357
-26754
1011
3566
225
-985
-76529
-561
17827
-1791
1243
992
6276
-60
10745
-3604
0
-5
11765
1308
-598433
2936
-7873
-122232
0
2148
61634
-21768
-16382
-723
-544964
-11361
-4147
368
1692
0
-1103
10173
2025
461
-481338
-553693
11765
188
234
1095
-509
11713
-1149
11765
9190
-587376
7993
2684
112021
29185
-1263
-3275
13368
-7873
-1147
-593140
-24408
-8161
-90764
-11405
-219
0
0
-540895
-307
2780
3607
-7873
-8161
220
2684
-207
-6036
0
-180375
-3785
-1047
122250
708
-551565
-3604
3250
1052
303
-121135
6943
5799
220
-395
782
29707
5430
220
0
-230
220
-504
-6036
0
-16361
0
-131
-31
-16377
-395
-787
-1872
-436
-3604
399
-22387
121086
1967
29185
-7873
-10528
-20106
-102627
5021
-16377
2684
8903
29707
572
-48487
-599430
-58
194
-2988
0
29707
-104
-929
3
-20155
5188
-624900
-4447
-17609
0
2153
27245
121086
-6364
331
0
-12817
-8161
-414676
2289
-114456
11593
355
-17732
-17611
-18091
8911
-17366
-240
3561
21787
-8161
-114456
10559
-8161
-4010
-114456
-8161
145
0
0
-8161
302
-20377
4943
-421
-114456
22214
-7873
3560
0
4400
-180303
0
-3604
4167
0
280
-417
2287
-827
1931
-20193
198
-8161
-5823
-741
579
-2509
0
-459
747
-565866
914
-3396
-1041
180
0
11221
-655
5024
-3945
-114456
20085
-8161
-782
22548
-597800
-114456
8658
-53718
0
-8161
-7
-101485
15003
-83373
3405
-2780
0
0
-789
10737
1378
-544360
-7873
-188
-653
14613
262
0
-16425
-20092
-438
1452
3509
8
8002
-2658
106509
0
-395
8658
5526
4132
3
-7133
-30934
-22016
0
9346
-15108
1452
0
-8161
1470
3
-3778
-414357
583
-123
5474
-556125
-2124
-710286
0
2668
0
29707
-8161
20
0
285
126234
1452
647
1452
-1997
-2843
1496
-6390
2276
-8161
195
0
0
118
1247
23431
5528
196433
365
172
0
-474872
-114456
-88
1452
-3620
-16425
177
-530
0
-2615
-16425
162
1452
5186
-2921
-738
2215
-261
0
-261
25740
0
-1362
-20091
-16
1308
-156246
-7874
113657
1452
-180303
0
-710906
0
1452
23417
-20500
-166
-28
-16425
0
-8441
-8441
0
2298
2204
-544483
0
9862
-52
31779
-1291
0
-18014
-434
8
10122
-708
17776
-574
2684
67
-5093
-2099
886
22539
-4647
-1302
-76429
-8441
1452
2271
-513
-1281
2981
-647
3444
-620307
4758
-647
3403
-101485
67
-1897
-20556
0
2276
-8441
-3604
2375
-2283
294
4843
-981
-716202
1452
-655
3995
-3414
42802
4889
2279
-3683
-2523
2860
-7404
-8441
-26
4610
-6514
2351
3999
1052
-16425
-15596
-713126
-30314
4001
-517
3081
-18175
2860
-714801
-3811
5045
-27825
-3372
-12448
-664
3134
3191
3885
293
0
2305
-17981
198
-83887
-9
-15107
-513
356
-121997
2897
180
2167
-7873
11
-2889
-1900
356
3410
-7404
-14702
-283
-3509
-13904
21781
-89174
-19507
-41
589
306
138
-159
466
0
17689
-12968
-1315
-3709
-30314
2683
0
9428
3345
31869
0
151
-3372
656
205
2104
2397
1858
-1120
131
-2848
-239
-547
44642
23458
-6583
0
-69
-111
-299
6613
-171891
46
1052
9978
12687
305
22947
2099
142
567
14496
-60
-7356
0
5823
-5262
475
2457
-15498
-2668
10858
1766
0
466
1268
2415
23487
-180326
-1176
1263
0
-15249
6287
-16646
-7873
-21482
0
-1174
42904
-3341
3081
-8898
-74469
-1893
-20074
12856
59522
-2741
-3815
-3815
229
0
247
0
4060
2764
2765
-3626
-47546
14929
-89963
919
0
-12867
287
151
15004
2624
2624
2624
2547
2850
2498
0
2498
-3971
-992
161
5012
3418
-7356
909
-486261
-3568
497
0
-30
-15498
-430
194
-7873
2850
-29997
950
4485
1979
-16646
-20294
1019
0
4733
-1893
22550
12351
-9577
3800
4627
-8898
839
909
312
1008
330
-20384
-7873
18568
-606
6943
851
376
-207387
-1882
1100
-2871
61
-121328
-11361
25237
10749
2120
5524
3421
-7873
23584
1707
0
-427
-95
131331
0
0
7485
822
21268
-11361
4435
-5564
-2461
-415
22539
-71712
3346
0
4683
-86
14605
-7672
24033
-79298
-486288
-3571
-7873
-15937
-278881
0
4577
42017
-20059
535
7493
359
359
14227
-15997
-11976
6181
-968
-8124
-13
10161
17065
-138722
301
167
-7873
8360
8360
-18029
151
-346
0
0
354
739
0
-11361
0
0
2893
2595
26385
59471
-48136
979
200
3980
50
2612
1043
46245
0
7728
1470
-124476
-73
-648
4808
-205
4435
-2
-3178
-150
3588
791104
12
-78738
167
3543
5669
73713
-10
25669
-381
969
969
271
12270
531
-83373
1530
-176833
22234
-63696
1470
-738
-7678
-12302
3781
3512
-78842
768
22539
-15943
12312
9519
-738
2562
181
-62396
2139
2180
6562
456
-3836
-24
-15162
-46
590
1890
-3126
9519
-2478
-2990
-11361
-16003
820
-6455
-8130
-20367
138
59
76
9519
1471
-481
5321
-84373
2786
76
-576005
0
62
3016
975
76
-13000
20813
-3964
3542
76
3101
22539
-42013
0
76
-83373
12139
5466
511
-11019
22683
1558
3172
-7873
0
-611229
76
3099
-562
-6055
-6055
-2751
5268
7105
76
5488
3597
2760
3422
22539
-7678
76
-83373
-15943
590
22683
-83373
-749
-3624
3287
-83373
-10020
26205
771
-14591
0
0
3
176
12292
36
6669
-238
-40
-447
4209
260
-3
0
0
-561
-2
12705
-135
1470
2832
-15162
-1046
-2335
1304
-45771
405
-7874
3542
-243
-18140
0
195
5765
6669
2994
10475
4882
196428
16218
-124800
424
-193
3447
107
356
