0
0
0
0
0
0
0
0
0
0
0
0
0
0
0
0
0
0
0
-1
0
0
-1
0
0
0
0
0
0
0
0
0
0
0
0
0
0
0
0
0
0
0
0
0
0
0
0
0
-2
0
0
0
0
0
0
0
0
0
0
0
0
0
0
934
-1
0
0
0
0
0
0
0
0
0
0
0
-4
0
0
0
0
0
0
0
0
0
0
0
0
0
0
0
0
0
0
0
0
0
0
0
6841
0
0
0
0
2003
0
0
0
0
0
0
0
0
0
0
0
0
0
0
0
0
0
0
0
0
0
0
0
0
0
-32
0
0
0
2
0
16
3
0
-3
0
0
0
0
0
0
0
0
0
0
0
0
0
0
0
0
0
0
0
0
0
0
0
0
0
0
0
0
0
0
514
-345
0
0
0
0
0
0
0
0
0
0
0
-2
0
0
-1
-1
0
0
0
-346
0
0
0
0
49
0
0
0
0
0
0
0
0
0
0
0
0
0
0
0
0
0
0
0
0
-1
0
0
0
0
0
0
0
0
0
0
-1
-1
0
0
0
0
0
0
0
3
0
0
-1
0
0
0
0
0
0
0
0
0
-4
0
0
-2
0
0
0
0
0
0
0
0
0
0
0
0
0
0
0
0
0
0
0
0
0
0
0
-1
0
0
0
0
0
0
0
0
-6
0
0
0
0
0
0
0
0
0
0
0
0
-2
0
0
0
0
0
0
0
0
0
-1
0
0
0
0
0
0
0
0
0
0
0
-4
0
0
0
0
0
-305
0
0
0
0
0
0
0
-1
0
0
0
0
-1
0
0
0
0
0
0
0
0
0
0
0
0
0
0
0
0
0
0
0
0
0
0
0
44
0
0
0
0
0
-2
0
0
0
0
0
0
0
0
0
0
0
0
0
0
0
0
0
0
0
0
0
0
0
-1
0
0
0
0
0
0
1
0
-24
0
0
0
-2
0
0
0
4
0
0
0
0
0
0
0
0
0
0
0
0
0
0
-1
0
0
0
39
0
0
0
0
0
0
0
0
0
-2
0
0
0
0
0
0
0
-2
0
0
0
-10
0
0
0
0
0
0
0
0
0
0
0
0
0
0
0
0
0
0
0
0
0
0
-67
0
0
0
0
0
0
0
0
0
-12
0
15
0
0
0
0
0
0
0
0
0
0
-1
0
0
-2
-2
0
-2
0
0
0
0
0
0
0
0
0
0
0
0
0
0
0
-15
0
0
0
0
0
0
0
0
-5169
0
0
0
0
-820
0
0
0
0
0
0
0
0
0
0
0
0
0
0
0
0
0
0
0
0
0
0
0
-1
0
-68
0
0
0
0
0
0
0
0
0
0
0
0
0
0
0
0
0
0
0
0
0
0
0
0
0
0
0
0
0
0
-4556
0
0
0
0
-4
-1
0
0
0
0
0
0
-2
0
0
0
-2
0
0
0
0
0
0
0
0
0
0
0
-2
0
0
0
3
0
0
0
0
1
0
0
0
-1
0
0
0
0
0
0
-106
0
-106
0
0
0
0
0
0
0
0
0
0
0
0
0
0
0
0
0
0
0
0
0
0
0
0
0
0
0
0
0
0
0
0
0
0
0
0
-1
0
0
0
0
0
0
-12
0
0
0
0
0
-2
0
0
0
0
-1
0
-1
0
0
0
0
0
487
48
0
0
-346
0
-1
0
0
0
0
0
0
0
0
-1
0
0
0
0
0
0
-68
0
0
0
0
13
0
0
0
0
0
0
0
0
6
0
0
0
-214
0
44
0
0
0
0
0
-6986
0
0
0
0
0
0
0
0
0
0
0
0
0
0
0
0
0
0
0
0
0
4
0
0
0
0
0
0
0
-5
0
0
0
0
0
0
0
0
0
0
-7
0
0
0
0
0
0
0
-2
0
0
0
0
0
0
0
0
0
0
0
0
15
0
0
0
0
0
-2
0
0
0
0
0
0
0
0
0
0
0
0
0
0
0
0
0
0
0
0
0
0
-1
0
0
0
0
0
0
0
0
0
3
0
0
0
0
0
0
0
0
0
0
0
0
0
0
0
0
0
0
0
0
12
0
0
0
0
0
0
0
0
0
0
-1
-1
0
0
0
0
0
0
0
-3
0
-1
0
0
0
0
0
0
7
0
0
0
0
0
0
0
0
-1
0
-13
0
0
0
0
0
0
0
0
0
0
0
-1
-2
0
0
0
-1
0
0
0
0
0
0
0
0
-1
0
0
0
-1
0
0
0
0
-2401
0
0
1
1
0
0
0
0
-2
-2
0
-1
0
0
0
0
-5
0
0
0
0
0
0
-2
0
0
0
0
0
0
-1
0
-2
0
0
0
0
3
2
0
0
0
0
309
0
1
0
0
